# Created by Octave 4.0.2, Tue May 10 11:53:06 2016 Hora oficial do Brasil <unknown@SCTCIDK023>
# name: dados
# type: matrix
# rows: 3
# columns: 2
 1 2
 3 4
 5 6


